1
0,1,2,3,4,5,6,7,8
0.0,0.2617993877991494,0.7853981633974483,1.0471975511965976,0.7853981633974483,0.7853981633974483,2.0943951023931953,0.2617993877991494,0.2617993877991494
2
0,1,2,3,4,5,6,7,8
0.0,0.5711986642890533,0.0,0.0,0.0,0.5711986642890533,0.0,0.0,5.14078797860148
3
0,1,2,3,4,5,6,7,8
0.0,0.4487989505128276,1.4959965017094252,0.1495996501709425,1.0471975511965976,0.59839860068377,0.0,1.3463968515384828,1.19679720136754
4
0,1,2,3,4,5,6,7,8
0.4487989505128276,0.4487989505128276,0.0,1.7951958020513104,1.7951958020513104,1.7951958020513104,0.0,0.0,0.0
5
0,1,2,3,4,5,6,7,8
0.0,0.18479956785822313,1.2935969750075618,0.18479956785822313,0.18479956785822313,0.0,0.0,4.435189628597355,0.0
6
0,1,2,3,4,5,6,7,8
0.0,0.0,0.0,0.16110731556870733,0.32221463113741466,0.16110731556870733,0.0,1.1277512089809514,4.5110048359238055
